a_short
4
993.537354 949.927002 -0.122925 0.000000 47.452011 0.000000
1232.981567 1174.972168 0.077387 0.000000 49.431610 0.000000 false
1711.180542 2040.064575 5.671927 0.000000 32.184784 0.000000 false
1656.013062 1800.960571 -0.033936 0.000000 7.398605 0.000000 false
1329.968628 2810.904053 121.688919 0.000000 91.021057 0.000000 false
1062.958008 2969.905029 128.720215 0.000000 102.193115 0.000000 false
907.474365 2715.989990 91.105438 0.000000 159.368713 0.000000 false
550.360413 2079.152832 127.031250 0.000000 -143.520935 0.000000 false
432.678802 2576.240234 95.308311 0.000000 143.154602 0.000000 false
1038.305542 2520.604736 108.053505 0.000000 -174.312515 0.000000 false