ramp_to_b hut_to_a
8 1
335.538422 31.614428 -415.96875 -0.369600 3.132346 0.000000 False
574.104980 927.911621 -479.96875 -3.049201 -64.390930 0.000000 False
1210.969971 -78.537659 -415.96875 -0.000014 156.793747 0.000000 False
1028.156982 -195.521912 -415.96875 -0.554414 93.407478 0.000000 False
1382.649048 -745.306641 -372.764069 2.771977 115.121536 0.000000 False
1293.381592 -468.023926 -415.96875 0.215587 120.326653 0.000000 False
1050.031738 -533.781067 -415.96875 0.153985 86.077148 0.000000 False
1383.969116 -668.875305 -368.707489 3.880792 118.355644 0.000000 True
1228.474365 -598.028870 -415.96875 0.030800 108.992386 0.000000 True
1363.982788 -299.031494 -415.462219 -0.123213 173.087570 0.000000 False
1242.234863 -751.700317 -415.96875 -0.184829 97.504021 0.000000 False
1040.034546 -382.070068 -415.96875 -0.616015 76.991188 0.000000 False
1179.902710 -471.968384 -127.96875 54.238785 104.803543 0.000000 False
288.031342 -947.968750 -127.96875 0.061709 34.663486 0.000000 False
1579.301025 -726.406372 -415.96875 -0.123217 132.308395 0.000000 False
1649.838135 -794.266418 -301.96875 9.178400 132.647476 0.000000 True
1530.971558 -438.159668 -415.96875 -0.369629 179.770798 0.000000 False
1259.968750 -316.031250 -127.96875 19.712067 -131.996048 0.000000 False
352.083557 -331.031494 -415.46228 -20.512615 -7.625018 0.000000 False
449.810455 -336.033813 -415.46228 -24.485798 -8.087014 0.000000 False
991.968628 -945.968750 -127.96875 -0.492695 90.852242 0.000000 False
352.033051 -965.817017 -255.96875 -6.252291 37.404694 -0.000000 True
328.031799 -1426.034546 -415.96875 -12.135113 55.145470 0.000000 False
547.530884 -1216.031372 -415.96875 -17.463491 59.611450 0.000000 True
663.877869 -833.962891 -415.96875 -24.331827 74.672554 0.000000 False
927.968689 -1471.969360 -415.96875 -13.705894 89.240974 0.000000 False
496.031006 -1021.568909 -415.96875 -21.005447 43.472179 0.000000 False
957.686401 -352.027466 -331.922607 -74.308464 160.397812 0.000000 False
846.243591 -652.954224 -399.968262 -42.122406 63.008331 0.000000 False
459.390991 -745.461609 -415.648193 -22.256401 36.428093 0.000000 False
316.700500 -1018.972046 -391.96875 -15.726823 52.906021 0.000000 False
783.869324 -1046.835449 -415.96875 -22.471987 72.073143 0.000000 False
337.605164 67.983047 -415.96875
1117.768921 69.391647 -415.96875
1117.512817 -369.510376 -415.96875
1165.332153 -443.862488 -415.96875
1151.116577 -447.127319 -415.96875
1151.116577 -445.968140 -386.159058
1151.116577 -446.280884 -350.328003
1151.116577 -445.159302 -285.56311
1151.116577 -444.349487 -198.066772
1143.881226 -443.222900 -123.96875
1137.922241 -333.460938 -127.96875
980.613037 -330.353027 -127.96875
965.171387 -333.507324 -127.96875
964.636230 -289.862061 -127.96875
691.016602 -306.714111 -127.96875
483.774780 -312.603638 -127.96875
