t_outside_to_lower hut_to_a j_hall_to_upper
8 0.5
-719.228516 -1147.445068 -415.96875 -2.617996 -0.625070 0.000000 False
1306.506958 -1852.451904 -415.843719 -16.416382 165.418121 0.000000 False
301.936127 -1587.628906 -415.96875 -88.969200 -69.635971 0.000000 False
1682.760620 -1544.060181 -413.632355 -12.566371 -178.905045 0.000000 False
1441.318726 -1705.472412 -415.96875 -15.738770 173.241013 0.000000 True
939.151917 -1752.658691 -415.96875 0.104365 141.897110 0.000000 False
918.926514 -1553.031616 -415.96875 -0.523572 -100.703125 0.000000 False
632.129150 -1462.537354 -415.843536 0.308025 -44.523827 0.000000 False
519.031250 -1743.971558 -415.462219 0.369621 15.936573 0.000000 False
598.521790 -661.071899 -224.96875 23.512360 -128.667633 0.000000 True
957.682312 -352.219971 -331.916626 4.508778 -102.849220 0.000000 True
821.659973 -1065.537598 -415.96875 -0.215327 -109.272728 -0.000000 False
991.111328 -691.245178 -127.96875 21.017614 -113.145836 0.000000 False
721.523438 -280.031616 -127.96875 13.767839 -91.223228 0.000000 False
288.035889 -663.910400 -127.96875 17.433033 -65.690048 0.000000 False
305.031219 -292.031250 -127.96875 13.367435 -72.158051 0.000000 True
303.956604 -824.566467 -127.96875 22.915409 -61.131668 0.000000 True
499.284393 -1216.034668 -415.96875 0.523624 -56.237427 0.000000 False
974.968567 -280.629272 -127.96875 13.429033 -104.035965 0.000000 False
1012.282898 -457.972229 -127.96875 16.324253 -108.255547 0.000000 True
851.998169 -569.598083 -400.282043 1.232215 -99.714432 0.000000 False
554.248840 -1104.968506 -415.96875 1.047215 -70.630692 0.000000 False
368.684204 -1168.387573 -255.96875 15.892860 -46.514126 0.000000 False
352.031372 -886.880798 -251.46875 20.050907 -5.704039 0.000000 True
991.969177 -945.968750 -127.96875 36.374969 -142.228577 0.000000 True
341.202240 -830.888000 -391.96875 4.250609 -23.783556 -0.000000 False
496.031250 -1104.968750 -415.96875 -1.200926 -6.770267 0.000000 True
320.031677 -685.782288 -415.96875 0.677809 -52.027061 0.000000 False
921.871948 -1471.971924 -415.96875 -1.139389 126.314590 0.000000 False
352.031281 -1471.968750 -415.96875 -0.400185 51.400070 0.000000 False
580.876648 -488.957764 -415.844055 -0.122984 -90.822838 0.000000 False
284.030334 -932.779053 -391.96875 2.556559 15.945211 0.000000 False
461.689941 -336.031250 -415.46228 0.431413 -81.028412 0.000000 False
288.031250 -947.968689 -127.96875 37.083347 -24.664589 0.000000 False
702.820374 -629.031982 -407.068451 0.431413 3.280704 0.000000 False
-760.200745 -1150.115601 -404.96875
-652.369202 -1149.672852 -406.96875
-574.703735 -1149.212524 -404.862091
-539.031372 -1148.916260 -375.83252
-539.031372 -1155.079590 -311.321533
-539.031372 -1160.195312 -240.105469
-539.031372 -1212.471680 -194.277954
-513.286621 -1234.056885 -211.968201
-466.990234 -1253.631836 -281.942612
-406.764221 -1267.371460 -278.96875
-336.763184 -1277.552490 -233.621216
-253.597290 -1289.463379 -237.913757
-182.426025 -1299.687378 -208.291153
-160.732910 -1314.116333 -204.213074
-146.778381 -1327.855957 -205.96875
-90.616882 -1334.962891 -200.579468
5.942850 -1389.815308 -169.35935999999998
6.930299 -1390.111816 -114.05261200000001
9.304222 -1401.556152 -107.746071
15.316606 -1433.046875 -48.440002
15.239855 -1443.604004 -38.043617
26.300737 -1501.027832 -27.97715
47.423374 -1610.747559 -9.96875
144.840073 -1692.190063 -9.96875
270.003296 -1689.836304 -31.570469
483.213470 -1679.721802 -215.06604
505.502899 -1786.717163 -214.96875
541.717651 -1793.057373 -219.126511
623.445374 -1808.464355 -224.192032
686.463501 -1816.594971 -229.414246
772.359314 -1827.609863 -247.965576
944.429443 -1831.211670 -349.830688
1005.747131 -1830.599365 -409.677063
976.186401 -1752.733521 -406.96875
896.367249 -1662.864136 -406.96875
680.218079 -1643.086182 -406.96875
631.023010 -1490.252441 -406.843719
639.335083 -1274.486450 -406.96875
886.378723 -1274.503052 -406.96875
891.095459 -943.684937 -406.96875
892.919983 -700.753662 -404.951233
894.333923 -511.043518 -406.96875
643.803162 -473.486084 -406.96875