t_outside_to_lower ropzPlay_to_upper NOT_FINISHED
5 1
1297.500854 -2422.035400 -403.419342 39.874054 4.086581 0.000000
1591.859131 -2172.046143 -639.46228 -22.156977 -112.063347 0.000000 False
1442.031616 -2156.524170 -639.843567 -6.171827 -51.633884 0.000000 False
1586.466309 -1989.995728 -639.96875 -9.590594 -101.653015 0.000000 False
1655.970215 -1932.730347 -639.843567 -0.042594 -132.605942 0.000000 False
1647.968628 -1800.031250 -639.96875 -1.243803 -107.627319 0.000000 True
1311.968750 -1792.032593 -634.142944 0.388597 -54.836288 0.000000 False
1064.035400 -1991.968750 -639.96875 0.296187 -0.844085 0.000000 False
1072.031616 -1733.840332 -634.96875 0.881383 -35.309238 0.000000 False
1191.968384 -1816.206665 -634.96875 0.758183 -35.401638 0.000000 True
1006.216492 -1590.788818 -639.96875 0.172988 -50.718887 0.000000 False
1436.119019 -2422.326416 -497.708405
1352.386841 -2420.211182 -441.886993
1429.347290 -2421.271484 -493.194
1495.141479 -2420.822021 -537.056763
1560.795776 -2420.751221 -550.96875
1560.413818 -2360.690186 -551.270813
1560.226074 -2331.865479 -567.052124
1560.013550 -2299.325684 -588.745361
1559.817871 -2269.852051 -608.394409
1558.779053 -2222.322754 -630.590515
1542.406738 -2190.360596 -630.96875
1537.028687 -1954.535400 -630.96875
1496.487793 -1916.256470 -630.96875
1138.852417 -1906.516846 -630.96875
1135.290894 -1616.158325 -630.96875