hut_to_a
8 1
-279.019287 -1728.383911 -415.96875 0.092400 -45.264687 0.000000 False
597.993164 -2406.171631 -415.96875 -0.011944 147.575348 0.000000 False
259.030090 -2054.031250 -415.96875 1.004522 168.765549 0.000000 False
662.169800 -2054.210938 -415.96875 0.431150 178.906433 0.000000 False
1368.613159 -1756.340942 -415.96875 0.234529 -137.611893 0.000000 False
748.641052 -2448.308838 -415.96875 0.511651 150.932693 0.000000 False
433.450500 -1803.322998 -415.96875 -0.535473 -150.701889 0.000000 False
1454.873169 -1809.207886 -245.96875 7.299768 -174.317780 0.000000 False
1664.065308 -2032.458740 -415.96875 -0.165941 -179.006134 0.000000 False
1472.004272 -1647.346436 -415.96875 -0.246450 -161.319824 0.000000 False
1328.334717 -1492.013916 -287.96875 7.207362 -145.118134 0.000000 False
1196.286133 -1870.356812 -415.96875 0.111259 -167.640167 0.000000 False
886.217102 -1790.220947 -415.96875 -0.042741 -156.643723 0.000000 False
1571.942139 -2463.973145 -373.96875 1.004546 170.544281 0.000000 True
1398.889771 -2384.859863 -481.888947 -1.952267 174.896027 0.000000 False
463.968750 -1553.031372 -367.96875 4.762035 -108.813980 0.000000 False
295.031250 -1553.031372 -367.96875 6.948901 -88.024040 0.000000 False
1340.129517 -2042.213745 -415.96875 -0.627871 -178.207550 0.000000 True
232.343933 -1843.897461 -415.96875 0.203724 -59.780231 0.000000 False
882.192566 -1620.951294 -415.96875 0.357724 -93.136444 0.000000 False
815.968750 -1552.031250 -415.96875 0.419324 -70.560097 0.000000 False
1868.166748 -812.349854 -275.96875 3.541928 -135.448730 0.000000 False
1664.033203 -760.611267 -351.96875 3.049126 -125.622986 0.000000 False
1611.975098 -415.970642 -415.96875 -0.369650 -113.364944 0.000000 True
1220.393433 -1226.523193 -415.96875 -0.092165 -108.835739 0.000000 False
1341.509644 -817.029297 -407.96875 -0.554437 -106.783203 0.000000 False
1085.067871 -1296.931641 -413.632324 -0.430962 -101.751846 0.000000 False
1205.700806 -620.032043 -415.96875 0.338724 -100.613464 0.000000 False
1325.581055 -382.526489 -127.96875 10.102327 -103.271927 0.000000 False
1202.108521 -512.031738 -166.55650300000002 9.794326 -98.313148 0.000000 False
1229.344849 -625.968506 -239.96875 6.529530 -101.393135 0.000000 False
1087.301514 -657.564636 -415.96875 0.215524 -92.975098 0.000000 False
1040.281250 -512.028137 -239.96875 7.176337 -90.489983 0.000000 False
1455.826172 -2136.169678 -415.96875 -0.011859 -145.287613 -0.000000 False
1881.166748 -1571.756714 -415.96875 0.203727 -146.760056 0.000000 False
1684.892212 -1636.032104 -415.96875 0.265327 -135.517212 0.000000 False
771.214417 -1552.988892 -415.96875 0.388524 -57.747349 0.000000 False
1393.754150 -2148.027832 -351.96875 12.585362 -136.386261 0.000000 False
1520.031250 -2369.427246 -559.96875 -20.278206 -175.018311 0.000000 False
1583.968750 -2447.968750 -559.96875 -15.596624 173.277359 0.000000 False
1591.859131 -2172.046143 -639.46228 -22.156977 -112.063347 0.000000 False
1272.031250 -2160.009033 -367.96875 14.310179 -98.471497 0.000000 False
1442.031616 -2156.524170 -639.843567 -6.171827 -51.633884 0.000000 False
1586.466309 -1989.995728 -639.96875 -9.590594 -101.653015 0.000000 False
1655.970215 -1932.730347 -639.843567 -0.042594 -132.605942 0.000000 False
1647.968628 -1800.031250 -639.96875 -1.243803 -107.627319 0.000000 True
1311.968750 -1792.032593 -634.142944 0.388597 -54.836288 0.000000 False
1064.035400 -1991.968750 -639.96875 0.296187 -0.844085 0.000000 False
1072.031616 -1733.840332 -634.96875 0.881383 -35.309238 0.000000 False
1191.968384 -1816.206665 -634.96875 0.758183 -35.401638 0.000000 True
1006.216492 -1590.788818 -639.96875 0.172988 -50.718887 0.000000 False
-241.502197 -1775.466431 -406.96875
-230.452698 -1943.526978 -406.96875
17.111284 -2103.542725 -406.96875
440.702698 -2322.585693 -406.96875
877.392578 -2427.183838 -406.96875
1273.958740 -2423.664307 -406.96875
1302.535400 -2422.394531 -410.755096
1352.386841 -2420.211182 -441.886993
1429.347290 -2421.271484 -493.194
1495.141479 -2420.822021 -537.056763
1560.795776 -2420.751221 -550.96875
1560.413818 -2360.690186 -551.270813
1560.226074 -2331.865479 -567.052124
1560.013550 -2299.325684 -588.745361
1559.817871 -2269.852051 -608.394409
1558.779053 -2222.322754 -630.590515
1542.406738 -2190.360596 -630.96875
1537.028687 -1954.535400 -630.96875
1496.487793 -1916.256470 -630.96875
1138.852417 -1906.516846 -630.96875
1135.290894 -1616.158325 -630.96875